1 88
2 53
3 59
4 84
5 69
6 68
7 35
8 96
9 73
10 39
11 96
12 60
13 87
14 80
15 57
16 52
17 7
18 49
19 95
20 72
21 71
22 6
23 7
24 50
25 99
26 26
27 26
28 31
29 52
30 10
31 7
32 34
33 68
34 54
35 38
36 27
37 12
38 74
39 64
40 10
41 65
42 18
43 22
44 40
45 50
46 72
47 2
48 63
49 21
50 49
51 63
52 46
53 26
54 25
55 6
56 30
57 9
58 23
59 80
60 64
61 94
62 26
63 69
64 92
65 95
66 70
67 20
68 98
69 84
70 87
71 83
72 94
73 45
74 3
75 65
76 10
77 54
78 48
79 18
80 5
81 95
82 20
83 88
84 3
85 18
86 19
87 86
88 52
89 59
90 37
91 91
92 45
93 88
94 98
95 54
96 67
97 36
98 56
99 1
100 10
101 41
102 90
103 76
104 78
105 9
106 3
107 97
108 86
109 80
110 76
111 76
112 6
113 73
114 34
115 65
116 87
117 94
118 97
119 28
120 12
121 4
122 4
123 76
124 65
125 98
126 59
127 78
128 21
129 25
130 33
131 60
132 83
133 80
134 3
135 47
136 77
137 38
138 31
139 75
140 81
141 89
142 66
143 37
144 100
145 35
146 75
147 53
148 78
149 77
150 16
151 42
152 18
153 6
154 21
155 55
156 87
157 77
158 62
159 3
160 82
161 92
162 66
163 24
164 46
165 30
166 97
167 15
168 30
169 69
170 19
171 32
172 57
173 40
174 39
175 66
176 92
177 48
178 20
179 73
180 3
181 28
182 79
183 49
184 18
185 19
186 90
187 54
188 5
189 10
190 12
191 80
192 51
193 60
194 51
195 74
196 77
197 55
198 63
199 36
200 53
201 17
202 64
203 96
204 22
205 57
206 42
207 97
208 63
209 38
210 33
211 33
212 53
213 41
214 25
215 15
216 38
217 71
218 3
219 30
220 56
221 66
222 44
223 34
224 64
225 97
226 75
227 28
228 74
229 11
230 72
231 74
232 36
233 76
234 76
235 28
236 38
237 14
238 38
239 62
240 88
241 93
242 100
243 36
244 19
245 59
246 87
247 64
248 52
249 77
250 66
251 28
252 19
253 91
254 32
255 79
256 27
257 63
258 88
259 4
260 28
261 70
262 84
263 82
264 8
265 13
266 19
267 50
268 66
269 55
270 4
271 32
272 49
273 100
274 56
275 94
276 43
277 46
278 72
279 78
280 84
281 63
282 35
283 22
284 80
285 14
286 60
287 78
288 56
289 98
290 82
291 43
292 27
293 77
294 30
295 56
296 20
297 24
298 97
299 25
300 4
301 59
302 83
303 79
304 20
305 38
306 41
307 26
308 48
309 86
310 74
311 99
312 61
313 36
314 27
315 36
316 2
317 84
318 83
319 46
320 70
321 64
322 5
323 40
324 34
325 89
326 53
327 37
328 24
329 71
330 50
331 20
332 99
333 3
334 56
335 12
336 10
337 31
338 79
339 58
340 82
341 49
342 39
343 69
344 87
345 14
346 70
347 67
348 36
349 26
350 78
351 91
352 21
353 12
354 62
355 28
356 73
357 94
358 15
359 9
360 51
361 46
362 61
363 50
364 44
365 44
366 87
367 30
368 73
369 74
370 7
371 21
372 88
373 97
374 89
375 85
376 58
377 99
378 52
379 41
380 12
381 41
382 67
383 7
384 52
385 50
386 95
387 43
388 26
389 48
390 78
391 87
392 44
393 94
394 64
395 41
396 47
397 10
398 88
399 98
400 95
401 28
402 20
403 90
404 21
405 29
406 13
407 29
408 21
409 5
410 29
411 2
412 50
413 66
414 55
415 4
416 40
417 55
418 35
419 50
420 53
421 49
422 50
423 60
424 15
425 99
426 51
427 26
428 29
429 21
430 40
431 15
432 1
433 19
434 70
435 49
436 21
437 97
438 68
439 7
440 80
441 6
442 73
443 58
444 34
445 86
446 12
447 65
448 26
449 50
450 97
451 89
452 65
453 87
454 61
455 58
456 93
457 28
458 70
459 10
460 66
461 93
462 1
463 79
464 21
465 60
466 86
467 22
468 98
469 10
470 42
471 16
472 26
473 88
474 87
475 76
476 37
477 88
478 97
479 71
480 83
481 41
482 35
483 69
484 44
485 95
486 52
487 26
488 5
489 29
490 92
491 36
492 65
493 49
494 37
495 99
496 17
497 61
498 72
499 51
500 68
501 49
502 8
503 8
504 98
505 73
506 64
507 89
508 36
509 42
510 52
511 30
512 44
513 45
514 55
515 15
516 28
517 39
518 37
519 75
520 92
521 11
522 55
523 88
524 34
525 70
526 50
527 48
528 1
529 70
530 18
531 50
532 74
533 25
534 10
535 6
536 76
537 77
538 98
539 12
540 34
541 8
542 57
543 96
544 73
545 20
546 8
547 74
548 20
549 23
550 90
551 18
552 7
553 22
554 96
555 28
556 20
557 92
558 83
559 23
560 82
561 76
562 57
563 22
564 1
565 36
566 89
567 34
568 15
569 58
570 28
571 77
572 68
573 28
574 19
575 35
576 14
577 55
578 65
579 67
580 56
581 4
582 51
583 39
584 41
585 72
586 29
587 28
588 98
589 87
590 49
591 25
592 92
593 92
594 82
595 22
596 33
597 39
598 15
599 85
600 19
601 16
602 72
603 84
604 92
605 90
606 49
607 12
608 83
609 90
610 81
611 73
612 56
613 54
614 21
615 26
616 64
617 78
618 23
619 51
620 88
621 10
622 56
623 87
624 99
625 64
626 47
627 44
628 19
629 29
630 38
631 14
632 96
633 9
634 13
635 79
636 49
637 40
638 50
639 85
640 17
641 84
642 10
643 49
644 32
645 53
646 88
647 71
648 1
649 78
650 44
651 7
652 96
653 24
654 63
655 78
656 24
657 9
658 14
659 31
660 78
661 3
662 85
663 50
664 19
665 76
666 37
667 88
668 37
669 59
670 36
671 84
672 83
673 2
674 89
675 97
676 53
677 47
678 76
679 19
680 81
681 63
682 74
683 34
684 24
685 42
686 39
687 88
688 9
689 98
690 90
691 6
692 38
693 93
694 54
695 49
696 81
697 88
698 67
699 56
700 73
701 1
702 71
703 36
704 45
705 99
706 42
707 58
708 70
709 51
710 80
711 56
712 15
713 44
714 51
715 87
716 23
717 82
718 75
719 93
720 42
721 99
722 33
723 25
724 53
725 60
726 28
727 45
728 41
729 41
730 99
731 40
732 19
733 11
734 92
735 96
736 12
737 82
738 92
739 32
740 62
741 69
742 68
743 4
744 35
745 29
746 72
747 96
748 89
749 31
750 26
751 17
752 81
753 54
754 60
755 38
756 70
757 6
758 63
759 18
760 13
761 100
762 30
763 60
764 26
765 57
766 3
767 41
768 29
769 28
770 38
771 99
772 52
773 5
774 56
775 78
776 82
777 29
778 92
779 4
780 8
781 99
782 33
783 2
784 40
785 98
786 19
787 14
788 52
789 20
790 28
791 67
792 26
793 41
794 61
795 79
796 66
797 3
798 53
799 51
800 94
801 41
802 48
803 51
804 4
805 98
806 51
807 59
808 37
809 1
810 62
811 37
812 56
813 55
814 13
815 6
816 50
817 48
818 75
819 67
820 34
821 75
822 92
823 30
824 14
825 3
826 3
827 56
828 47
829 17
830 80
831 67
832 11
833 91
834 79
835 77
836 81
837 94
838 43
839 84
840 92
841 56
842 42
843 31
844 53
845 98
846 35
847 6
848 69
849 69
850 89
851 58
852 3
853 57
854 56
855 47
856 98
857 77
858 30
859 52
860 3
861 47
862 92
863 21
864 75
865 67
866 84
867 88
868 90
869 20
870 32
871 5
872 70
873 75
874 75
875 34
876 100
877 71
878 32
879 52
880 85
881 10
882 62
883 23
884 44
885 70
886 8
887 72
888 87
889 23
890 66
891 60
892 97
893 21
894 57
895 59
896 12
897 18
898 51
899 22
900 64
901 49
902 5
903 40
904 40
905 33
906 92
907 47
908 19
909 91
910 42
911 91
912 39
913 68
914 79
915 55
916 59
917 31
918 92
919 63
920 37
921 61
922 71
923 47
924 94
925 50
926 14
927 96
928 46
929 59
930 9
931 98
932 26
933 66
934 20
935 66
936 87
937 70
938 68
939 57
940 3
941 54
942 88
943 18
944 22
945 7
946 1
947 83
948 2
949 34
950 52
951 40
952 100
953 31
954 18
955 31
956 66
957 24
958 58
959 6
960 56
961 68
962 54
963 20
964 36
965 79
966 81
967 30
968 89
969 16
970 98
971 27
972 65
973 47
974 13
975 67
976 80
977 58
978 42
979 44
980 97
981 30
982 92
983 77
984 2
985 40
986 31
987 51
988 87
989 12
990 8
991 25
992 3
993 55
994 42
995 56
996 72
997 54
998 24
999 15
1000 27
1001 48
1002 3
1003 63
1004 99
1005 8
1006 46
1007 93
1008 84
1009 49
1010 77
1011 89
1012 79
1013 3
1014 23
1015 14
1016 61
1017 39
1018 75
1019 78
1020 81
1021 87
1022 43
1023 19
1024 7
1025 85
1026 58
1027 97
1028 23
1029 15
1030 44
1031 87
1032 62
1033 33
1034 25
1035 82
1036 10
1037 34
1038 78
1039 92
1040 27
1041 80
1042 75
1043 58
1044 22
1045 32
1046 65
1047 18
1048 67
1049 8
1050 89
1051 37
1052 20
1053 77
1054 30
1055 100
1056 76
1057 51
1058 40
1059 65
1060 52
1061 48
1062 77
1063 16
1064 63
1065 11
1066 32
1067 56
1068 45
1069 83
1070 93
1071 31
1072 17
1073 88
1074 14
1075 31
1076 8
1077 54
1078 35
1079 68
1080 46
1081 86
1082 92
1083 79
1084 36
1085 27
1086 20
1087 16
1088 63
1089 24
1090 57
1091 84
1092 4
1093 1
1094 69
1095 83
1096 40
1097 61
1098 26
1099 83
1100 29
1101 83
1102 69
1103 7
1104 70
1105 79
1106 31
1107 21
1108 67
1109 4
1110 6
1111 8
1112 4
1113 66
1114 75
1115 99
1116 27
1117 11
1118 7
1119 68
1120 96
1121 95
1122 2
1123 86
1124 98
1125 93
1126 44
1127 1
1128 65
1129 40
1130 55
1131 65
1132 82
1133 6
1134 62
1135 14
1136 99
1137 57
1138 16
1139 97
1140 63
1141 60
1142 73
1143 33
1144 62
1145 3
1146 61
1147 8
1148 22
1149 73
1150 68
1151 54
1152 69
1153 29
1154 83
1155 37
1156 78
1157 34
1158 30
1159 56
1160 63
1161 13
1162 17
1163 4
1164 76
1165 56
1166 60
1167 15
1168 54
1169 23
1170 100
1171 49
1172 20
1173 77
1174 49
1175 96
1176 65
1177 6
1178 93
1179 82
1180 2
1181 23
1182 30
1183 32
1184 72
1185 91
1186 92
1187 33
1188 85
1189 77
1190 98
1191 67
1192 40
1193 57
1194 35
1195 7
1196 25
1197 48
1198 53
1199 100
1200 69
1201 5
1202 50
1203 75
1204 48
1205 69
1206 18
1207 89
1208 31
1209 59
1210 91
1211 74
1212 62
1213 99
1214 27
1215 65
1216 12
1217 54
1218 66
1219 79
1220 48
1221 93
1222 47
1223 58
1224 13
1225 15
1226 37
1227 59
1228 76
1229 75
1230 44
1231 88
1232 54
1233 49
1234 61
1235 55
1236 97
1237 86
1238 41
1239 33
1240 94
1241 96
1242 30
1243 21
1244 78
1245 45
1246 34
1247 43
1248 78
1249 78
1250 4
1251 25
1252 6
1253 67
1254 52
1255 37
1256 99
1257 77
1258 46
1259 32
1260 21
1261 40
1262 99
1263 54
1264 75
1265 69
1266 68
1267 7
1268 15
1269 40
1270 78
1271 97
1272 69
1273 99
1274 76
1275 87
1276 35
1277 57
1278 48
1279 94
1280 28
1281 12
1282 1
1283 58
1284 47
1285 57
1286 83
1287 2
1288 84
1289 21
1290 83
1291 48
1292 48
1293 90
1294 53
1295 8
1296 56
1297 79
1298 68
1299 23
1300 59
1301 28
1302 11
1303 89
1304 11
1305 21
1306 79
1307 36
1308 83
1309 43
1310 5
1311 39
1312 8
1313 90
1314 79
1315 70
1316 62
1317 18
1318 59
1319 68
1320 38
1321 100
1322 36
1323 32
1324 4
1325 21
1326 2
1327 85
1328 51
1329 35
1330 52
1331 55
1332 1
1333 24
1334 99
1335 67
1336 59
1337 27
1338 93
1339 31
1340 29
1341 66
1342 97
1343 88
1344 52
1345 99
1346 85
1347 66
1348 30
1349 2
1350 46
1351 62
1352 55
1353 46
1354 95
1355 15
1356 14
1357 5
1358 5
1359 8
1360 69
1361 70
1362 54
1363 31
1364 34
1365 45
1366 47
1367 25
1368 75
1369 39
1370 89
1371 98
1372 6
1373 27
1374 22
1375 49
1376 75
1377 14
1378 21
1379 94
1380 71
1381 8
1382 95
1383 35
1384 96
1385 34
1386 16
1387 12
1388 25
1389 36
1390 63
1391 79
1392 66
1393 59
1394 46
1395 48
1396 89
1397 73
1398 94
1399 24
1400 3
1401 93
1402 82
1403 74
1404 25
1405 49
1406 50
1407 36
1408 49
1409 93
1410 56
1411 16
1412 70
1413 58
1414 10
1415 2
1416 15
1417 17
1418 83
1419 80
1420 18
1421 24
1422 48
1423 10
1424 13
1425 54
1426 49
1427 78
1428 65
1429 38
1430 93
1431 18
1432 92
1433 16
1434 91
1435 55
1436 37
1437 19
1438 28
1439 50
1440 32
1441 28
1442 15
1443 90
1444 62
1445 42
1446 75
1447 4
1448 23
1449 84
1450 25
1451 55
1452 81
1453 16
1454 59
1455 32
1456 99
1457 96
1458 59
1459 23
1460 92
1461 81
1462 26
1463 41
1464 33
1465 78
1466 72
1467 95
1468 99
1469 91
1470 16
1471 8
1472 73
1473 76
1474 59
1475 27
1476 71
1477 25
1478 49
1479 69
1480 39
1481 39
1482 84
1483 56
1484 96
1485 8
1486 58
1487 29
1488 17
1489 39
1490 25
1491 68
1492 26
1493 85
1494 76
1495 16
1496 26
1497 95
1498 17
1499 18
1500 46
1501 23
1502 36
1503 55
1504 21
1505 26
1506 7
1507 84
1508 5
1509 81
1510 94
1511 68
1512 53
1513 28
1514 88
1515 66
1516 51
1517 12
1518 72
1519 37
1520 42
1521 58
1522 87
1523 46
1524 73
1525 13
1526 72
1527 60
1528 77
1529 74
1530 87
1531 8
1532 100
1533 80
1534 55
1535 57
1536 82
1537 66
1538 6
1539 24
1540 87
1541 26
1542 47
1543 95
1544 97
1545 90
1546 12
1547 63
1548 78
1549 90
1550 88
1551 90
1552 80
1553 36
1554 36
1555 55
1556 43
1557 10
1558 92
1559 81
1560 75
1561 56
1562 44
1563 52
1564 2
1565 63
1566 9
1567 38
1568 57
1569 68
1570 74
1571 24
1572 66
1573 41
1574 76
1575 26
1576 4
1577 30
1578 76
1579 76
1580 69
1581 67
1582 4
1583 48
1584 58
1585 69
1586 60
1587 25
1588 95
1589 73
1590 50
1591 53
1592 37
1593 37
1594 87
1595 62
1596 74
1597 15
1598 67
1599 2
1600 1
1601 64
1602 23
1603 1
1604 43
1605 23
1606 1
1607 88
1608 36
1609 2
1610 65
1611 54
1612 58
1613 13
1614 42
1615 93
1616 39
1617 16
1618 70
1619 31
1620 23
1621 19
1622 57
1623 49
1624 10
1625 17
1626 46
1627 29
1628 83
1629 49
1630 48
1631 25
1632 48
1633 33
1634 31
1635 62
1636 48
1637 49
1638 29
1639 82
1640 50
1641 52
1642 28
1643 96
1644 64
1645 33
1646 49
1647 39
1648 23
1649 57
1650 15
1651 61
1652 87
1653 99
1654 9
1655 95
1656 69
1657 70
1658 21
1659 24
1660 90
1661 15
1662 81
1663 76
1664 51
1665 99
1666 43
1667 11
1668 74
1669 9
1670 22
1671 86
1672 36
1673 89
1674 86
1675 4
1676 88
1677 2
1678 36
1679 1
1680 83
1681 4
1682 67
1683 99
1684 25
1685 12
1686 69
1687 47
1688 4
1689 56
1690 56
1691 35
1692 23
1693 52
1694 60
1695 19
1696 74
1697 36
1698 58
1699 27
1700 60
1701 85
1702 32
1703 71
1704 49
1705 95
1706 32
1707 94
1708 39
1709 76
1710 47
1711 23
1712 60
1713 17
1714 68
1715 73
1716 82
1717 50
1718 17
1719 20
1720 85
1721 82
1722 85
1723 41
1724 69
1725 91
1726 3
1727 5
1728 35
1729 2
1730 86
1731 19
1732 49
1733 94
1734 95
1735 96
1736 5
1737 45
1738 49
1739 96
1740 78
1741 23
1742 14
1743 7
1744 48
1745 49
1746 38
1747 89
1748 23
1749 20
1750 29
1751 40
1752 60
1753 61
1754 64
1755 79
1756 63
1757 61
1758 7
1759 34
1760 73
1761 20
1762 44
1763 81
1764 49
1765 93
1766 26
1767 40
1768 70
1769 34
1770 22
1771 15
1772 78
1773 93
1774 30
1775 23
1776 89
1777 85
1778 46
1779 19
1780 95
1781 81
1782 79
1783 51
1784 76
1785 26
1786 50
1787 67
1788 57
1789 62
1790 7
1791 48
1792 97
1793 97
1794 44
1795 20
1796 18
1797 42
1798 32
1799 1
1800 26
1801 25
1802 79
1803 81
1804 2
1805 53
1806 90
1807 25
1808 51
1809 55
1810 32
1811 65
1812 39
1813 79
1814 64
1815 61
1816 69
1817 49
1818 27
1819 100
1820 80
1821 53
1822 66
1823 93
1824 26
1825 59
1826 57
1827 43
1828 22
1829 53
1830 48
1831 93
1832 60
1833 40
1834 37
1835 1
1836 55
1837 17
1838 98
1839 5
1840 9
1841 26
1842 50
1843 62
1844 48
1845 91
1846 9
1847 35
1848 31
1849 89
1850 82
1851 98
1852 99
1853 78
1854 47
1855 28
1856 31
1857 4
1858 49
1859 34
1860 79
1861 45
1862 84
1863 90
1864 52
1865 58
1866 60
1867 36
1868 78
1869 69
1870 39
1871 44
1872 94
1873 84
1874 92
1875 44
1876 9
1877 21
1878 15
1879 56
1880 33
1881 99
1882 56
1883 55
1884 53
1885 37
1886 58
1887 67
1888 65
1889 81
1890 58
1891 30
1892 83
1893 32
1894 17
1895 32
1896 64
1897 59
1898 78
1899 11
1900 45
1901 65
1902 73
1903 70
1904 34
1905 62
1906 99
1907 2
1908 80
1909 46
1910 96
1911 76
1912 84
1913 65
1914 72
1915 38
1916 53
1917 86
1918 66
1919 36
1920 32
1921 11
1922 50
1923 62
1924 39
1925 6
1926 18
1927 94
1928 37
1929 71
1930 28
1931 46
1932 45
1933 8
1934 16
1935 96
1936 65
1937 70
1938 34
1939 73
1940 80
1941 31
1942 67
1943 67
1944 38
1945 32
1946 7
1947 95
1948 18
1949 77
1950 94
1951 1
1952 45
1953 11
1954 79
1955 25
1956 76
1957 58
1958 97
1959 55
1960 54
1961 48
1962 65
1963 52
1964 25
1965 51
1966 16
1967 41
1968 7
1969 14
1970 56
1971 41
1972 2
1973 49
1974 43
1975 72
1976 52
1977 44
1978 85
1979 65
1980 20
1981 79
1982 62
1983 51
1984 81
1985 11
1986 24
1987 83
1988 78
1989 89
1990 83
1991 51
1992 71
1993 56
1994 22
1995 69
1996 10
1997 2
1998 79
1999 86
2000 57
2001 92
2002 67
2003 98
2004 7
2005 84
2006 91
2007 61
2008 57
2009 56
2010 35
2011 21
2012 12
2013 13
2014 88
2015 30
2016 18
2017 22
2018 11
2019 34
2020 95
2021 13
2022 88
2023 93
2024 70
2025 75
2026 37
2027 51
2028 42
2029 64
2030 90
2031 31
2032 32
2033 77
2034 21
2035 59
2036 20
2037 72
2038 71
2039 99
2040 98
2041 84
2042 5
2043 74
2044 53
2045 13
2046 12
2047 86
2048 59
2049 75
2050 67
2051 68
2052 9
2053 54
2054 30
2055 71
2056 66
2057 25
2058 37
2059 35
2060 49
2061 17
2062 67
2063 19
2064 15
2065 80
2066 2
2067 5
2068 49
2069 54
2070 99
2071 14
2072 49
2073 69
2074 54
2075 77
2076 7
2077 72
2078 95
2079 89
2080 57
2081 81
2082 78
2083 87
2084 77
2085 75
2086 58
2087 86
2088 33
2089 37
2090 71
2091 53
2092 27
2093 75
2094 1
2095 67
2096 11
2097 60
2098 72
2099 42
2100 21
2101 79
2102 43
2103 45
2104 33
2105 78
2106 7
2107 58
2108 3
2109 83
2110 20
2111 15
2112 57
2113 67
2114 6
2115 88
2116 46
2117 33
2118 59
2119 31
2120 72
2121 36
2122 48
2123 6
2124 80
2125 12
2126 32
2127 100
2128 8
2129 92
2130 26
2131 48
2132 27
2133 95
2134 43
2135 93
2136 95
2137 98
2138 16
2139 46
2140 61
2141 20
2142 50
2143 47
2144 8
2145 39
2146 58
2147 77
2148 98
2149 21
2150 26
2151 32
2152 24
2153 15
2154 100
2155 44
2156 42
2157 1
2158 38
2159 25
2160 50
2161 64
2162 87
2163 30
2164 1
2165 2
2166 38
2167 18
2168 45
2169 89
2170 3
2171 53
2172 56
2173 45
2174 96
2175 86
2176 30
2177 25
2178 91
2179 25
2180 21
2181 8
2182 92
2183 55
2184 21
2185 30
2186 52
2187 26
2188 62
2189 44
2190 44
2191 44
2192 9
2193 81
2194 99
2195 38
2196 63
2197 2
2198 61
2199 83
2200 64
2201 60
2202 60
2203 28
2204 98
2205 20
2206 36
2207 16
2208 40
2209 23
2210 70
2211 3
2212 14
2213 72
2214 83
2215 76
2216 100
2217 75
2218 48
2219 79
2220 32
2221 29
2222 49
2223 4
2224 86
2225 9
2226 54
2227 12
2228 45
2229 64
2230 68
2231 99
2232 21
2233 61
2234 50
2235 3
2236 61
2237 55
2238 13
2239 99
2240 29
2241 14
2242 53
2243 94
2244 6
2245 53
2246 78
2247 28
2248 88
2249 47
2250 60
2251 77
2252 66
2253 1
2254 3
2255 9
2256 51
2257 87
2258 6
2259 95
2260 24
2261 26
2262 4
2263 99
2264 25
2265 98
2266 25
2267 24
2268 38
2269 84
2270 12
2271 93
2272 60
2273 43
2274 26
2275 95
2276 52
2277 90
2278 73
2279 30
2280 43
2281 67
2282 18
2283 94
2284 39
2285 90
2286 16
2287 15
2288 7
2289 28
2290 30
2291 64
2292 85
2293 97
2294 17
2295 9
2296 79
2297 79
2298 17
2299 16
2300 33
2301 53
2302 48
2303 28
2304 82
2305 39
2306 23
2307 39
2308 94
2309 96
2310 95
2311 49
2312 71
2313 55
2314 84
2315 20
2316 87
2317 46
2318 36
2319 10
2320 77
2321 23
2322 18
2323 40
2324 60
2325 61
2326 65
2327 20
2328 59
2329 69
2330 30
2331 37
2332 72
2333 71
2334 62
2335 75
2336 38
2337 23
2338 76
2339 83
2340 37
2341 32
2342 64
2343 56
2344 51
2345 8
2346 40
2347 52
2348 67
2349 59
2350 99
2351 84
2352 26
2353 35
2354 22
2355 8
2356 21
2357 5
2358 92
2359 37
2360 1
2361 9
2362 23
2363 38
2364 81
2365 1
2366 46
2367 9
2368 72
2369 88
2370 89
2371 94
2372 49
2373 62
2374 42
2375 7
2376 91
2377 43
2378 36
2379 57
2380 90
2381 58
2382 25
2383 74
2384 53
2385 14
2386 60
2387 33
2388 38
2389 17
2390 2
2391 94
2392 14
2393 66
2394 99
2395 24
2396 70
2397 18
2398 70
2399 57
2400 23
2401 74
2402 49
2403 58
2404 66
2405 30
2406 57
2407 69
2408 89
2409 65
2410 78
2411 3
2412 61
2413 46
2414 60
2415 20
2416 12
2417 23
2418 8
2419 86
2420 1
2421 8
2422 13
2423 77
2424 96
2425 62
2426 45
2427 81
2428 40
2429 7
2430 68
2431 70
2432 20
2433 49
2434 37
2435 19
2436 62
2437 69
2438 93
2439 54
2440 47
2441 26
2442 36
2443 78
2444 53
2445 8
2446 70
2447 6
2448 29
2449 73
2450 56
2451 100
2452 42
2453 31
2454 51
2455 20
2456 5
2457 47
2458 47
2459 45
2460 9
2461 95
2462 40
2463 33
2464 59
2465 3
2466 10
2467 41
2468 74
2469 99
2470 98
2471 5
2472 69
2473 90
2474 82
2475 17
2476 35
2477 21
2478 56
2479 12
2480 30
2481 47
2482 53
2483 67
2484 8
2485 91
2486 90
2487 49
2488 1
2489 18
2490 90
2491 49
2492 30
2493 27
2494 79
2495 79
2496 46
2497 3
2498 81
2499 70
2500 26
2501 59
2502 7
2503 29
2504 56
2505 22
2506 83
2507 9
2508 87
2509 92
2510 12
2511 17
2512 91
2513 81
2514 92
2515 95
2516 96
2517 44
2518 89
2519 11
2520 11
2521 38
2522 15
2523 85
2524 4
2525 83
2526 67
2527 73
2528 73
2529 22
2530 42
2531 76
2532 10
2533 67
2534 72
2535 24
2536 100
2537 20
2538 15
2539 16
2540 59
2541 18
2542 93
2543 45
2544 92
2545 53
2546 36
2547 70
2548 55
2549 96
2550 78
2551 41
2552 100
2553 53
2554 97
2555 88
2556 40
2557 12
2558 78
2559 96
2560 5
2561 74
2562 21
2563 49
2564 77
2565 93
2566 76
2567 62
2568 70
2569 95
2570 93
2571 61
2572 69
2573 29
2574 65
2575 74
2576 55
2577 1
2578 8
2579 34
2580 88
2581 98
2582 60
2583 66
2584 85
2585 11
2586 3
2587 51
2588 88
2589 34
2590 19
2591 39
2592 32
2593 26
2594 18
2595 59
2596 48
2597 42
2598 36
2599 70
2600 52
2601 100
2602 39
2603 74
2604 47
2605 52
2606 38
2607 21
2608 90
2609 25
2610 26
2611 52
2612 26
2613 53
2614 39
2615 50
2616 57
2617 28
2618 36
2619 41
2620 29
2621 52
2622 75
2623 100
2624 9
2625 36
2626 25
2627 13
2628 44
2629 77
2630 11
2631 50
2632 6
2633 14
2634 74
2635 26
2636 13
2637 22
2638 95
2639 10
2640 89
2641 28
2642 64
2643 31
2644 34
2645 43
2646 36
2647 56
2648 45
2649 7
2650 100
2651 10
2652 92
2653 99
2654 19
2655 6
2656 71
2657 10
2658 45
2659 15
2660 66
2661 56
2662 95
2663 97
2664 78
2665 47
2666 59
2667 56
2668 11
2669 47
2670 90
2671 13
2672 13
2673 51
2674 97
2675 98
2676 14
2677 68
2678 24
2679 39
2680 8
2681 17
2682 1
2683 41
2684 63
2685 19
2686 81
2687 32
2688 84
2689 65
2690 55
2691 34
2692 46
2693 96
2694 27
2695 95
2696 35
2697 79
2698 3
2699 60
2700 15
2701 37
2702 99
2703 11
2704 89
2705 32
2706 18
2707 87
2708 39
2709 29
2710 4
2711 28
2712 28
2713 54
2714 39
2715 26
2716 37
2717 5
2718 45
2719 61
2720 81
2721 29
2722 18
2723 1
2724 4
2725 80
2726 15
2727 56
2728 12
2729 98
2730 52
2731 59
2732 74
2733 44
2734 80
2735 32
2736 96
2737 60
2738 18
2739 95
2740 25
2741 63
2742 58
2743 34
2744 9
2745 79
2746 76
2747 65
2748 66
2749 75
2750 35
2751 3
2752 48
2753 10
2754 100
2755 2
2756 69
2757 88
2758 35
2759 87
2760 2
2761 13
2762 67
2763 37
2764 21
2765 59
2766 32
2767 88
2768 9
2769 51
2770 79
2771 54
2772 25
2773 84
2774 71
2775 6
2776 21
2777 3
2778 98
2779 51
2780 56
2781 25
2782 94
2783 95
2784 15
2785 40
2786 24
2787 100
2788 97
2789 9
2790 54
2791 47
2792 15
2793 26
2794 8
2795 100
2796 8
2797 15
2798 75
2799 22
2800 30
2801 68
2802 18
2803 88
2804 23
2805 66
2806 25
2807 62
2808 20
2809 56
2810 50
2811 64
2812 20
2813 12
2814 30
2815 62
2816 9
2817 37
2818 77
2819 85
2820 2
2821 68
2822 89
2823 60
2824 2
2825 94
2826 33
2827 57
2828 53
2829 15
2830 19
2831 31
2832 45
2833 10
2834 68
2835 4
2836 6
2837 15
2838 18
2839 26
2840 61
2841 54
2842 28
2843 37
2844 96
2845 92
2846 94
2847 55
2848 23
2849 91
2850 48
2851 52
2852 90
2853 15
2854 45
2855 29
2856 3
2857 88
2858 48
2859 4
2860 64
2861 100
2862 62
2863 57
2864 23
2865 1
2866 43
2867 31
2868 97
2869 2
2870 99
2871 25
2872 34
2873 89
2874 74
2875 37
2876 18
2877 34
2878 96
2879 91
2880 44
2881 87
2882 70
2883 90
2884 32
2885 85
2886 6
2887 14
2888 15
2889 61
2890 50
2891 68
2892 28
2893 79
2894 82
2895 40
2896 68
2897 89
2898 49
2899 39
2900 89
2901 25
2902 100
2903 9
2904 60
2905 61
2906 99
2907 8
2908 83
2909 2
2910 15
2911 37
2912 97
2913 35
2914 33
2915 56
2916 71
2917 52
2918 87
2919 14
2920 44
2921 63
2922 70
2923 76
2924 39
2925 14
2926 47
2927 36
2928 37
2929 14
2930 82
2931 1
2932 28
2933 9
2934 22
2935 36
2936 65
2937 39
2938 69
2939 78
2940 10
2941 52
2942 49
2943 63
2944 77
2945 30
2946 10
2947 92
2948 64
2949 31
2950 16
2951 72
2952 20
2953 38
2954 57
2955 70
2956 41
2957 1
2958 15
2959 18
2960 20
2961 99
2962 84
2963 38
2964 65
2965 56
2966 82
2967 47
2968 84
2969 26
2970 14
2971 43
2972 74
2973 37
2974 1
2975 88
2976 56
2977 2
2978 37
2979 14
2980 66
2981 89
2982 73
2983 60
2984 74
2985 71
2986 90
2987 6
2988 20
2989 60
2990 75
2991 96
2992 81
2993 46
2994 80
2995 53
2996 7
2997 27
2998 47
2999 69
3000 67
3001 7
3002 38
3003 21
3004 11
3005 39
3006 47
3007 72
3008 13
3009 9
3010 96
3011 71
3012 26
3013 9
3014 73
3015 78
3016 1
3017 50
3018 7
3019 16
3020 39
3021 64
3022 36
3023 60
3024 27
3025 20
3026 14
3027 89
3028 87
3029 100
3030 83
3031 2
3032 26
3033 27
3034 25
3035 88
3036 95
3037 59
3038 64
3039 64
3040 30
3041 43
3042 22
3043 16
3044 25
3045 51
3046 64
3047 51
3048 74
3049 99
3050 52
3051 88
3052 4
3053 9
3054 37
3055 94
3056 100
3057 55
3058 92
3059 16
3060 61
3061 92
3062 6
3063 54
3064 45
3065 42
3066 76
3067 33
3068 99
3069 55
3070 91
3071 75
3072 9
3073 93
3074 81
3075 42
3076 51
3077 68
3078 76
3079 81
3080 39
3081 50
3082 64
3083 35
3084 74
3085 35
3086 82
3087 63
3088 32
3089 68
3090 65
3091 17
3092 10
3093 27
3094 63
3095 30
3096 1
3097 14
3098 93
3099 10
3100 78
3101 20
3102 46
3103 60
3104 68
3105 20
3106 19
3107 1
3108 17
3109 37
3110 93
3111 35
3112 41
3113 71
3114 61
3115 56
3116 94
3117 63
3118 94
3119 39
3120 29
3121 18
3122 68
3123 28
3124 66
3125 25
3126 91
3127 75
3128 97
3129 94
3130 73
3131 70
3132 2
3133 2
3134 22
3135 27
3136 91
3137 99
3138 15
3139 48
3140 67
3141 43
3142 95
3143 33
3144 72
3145 91
3146 41
3147 85
3148 71
3149 80
3150 12
3151 95
3152 62
3153 55
3154 36
3155 46
3156 73
3157 64
3158 57
3159 44
3160 34
3161 82
3162 48
3163 68
3164 99
3165 54
3166 5
3167 37
3168 1
3169 70
3170 4
3171 49
3172 50
3173 90
3174 98
3175 18
3176 12
3177 72
3178 25
3179 88
3180 28
3181 66
3182 42
3183 6
3184 65
3185 85
3186 26
3187 64
3188 52
3189 39
3190 8
3191 94
3192 72
3193 79
3194 67
3195 97
3196 82
3197 54
3198 48
3199 27
3200 98
3201 88
3202 45
3203 33
3204 64
3205 70
3206 60
3207 17
3208 11
3209 9
3210 42
3211 54
3212 42
3213 71
3214 25
3215 81
3216 40
3217 44
3218 63
3219 44
3220 58
3221 54
3222 48
3223 53
3224 96
3225 100
3226 54
3227 86
3228 72
3229 98
3230 72
3231 20
3232 47
3233 77
3234 14
3235 89
3236 75
3237 49
3238 31
3239 11
3240 25
3241 14
3242 3
3243 94
3244 28
3245 77
3246 66
3247 61
3248 43
3249 83
3250 15
3251 91
3252 28
3253 51
3254 58
3255 6
3256 100
3257 95
3258 8
3259 87
3260 68
3261 80
3262 64
3263 27
3264 69
3265 83
3266 34
3267 67
3268 52
3269 34
3270 78
3271 90
3272 22
3273 98
3274 5
3275 41
3276 50
3277 39
3278 94
3279 40
3280 22
3281 59
3282 64
3283 77
3284 44
3285 27
3286 31
3287 57
3288 52
3289 50
3290 39
3291 2
3292 98
3293 25
3294 61
3295 15
3296 75
3297 81
3298 71
3299 100
3300 11
3301 40
3302 81
3303 25
3304 96
3305 63
3306 85
3307 57
3308 23
3309 94
3310 8
3311 21
3312 14
3313 96
3314 54
3315 85
3316 40
3317 91
3318 26
3319 45
3320 6
3321 27
3322 21
3323 18
3324 20
3325 26
3326 11
3327 40
3328 66
3329 81
3330 60
3331 46
3332 14
3333 44
3334 30
3335 31
3336 83
3337 91
3338 7
3339 1
3340 73
3341 10
3342 32
3343 32
3344 34
3345 19
3346 54
3347 40
3348 57
3349 74
3350 15
3351 85
3352 27
3353 42
3354 66
3355 13
3356 9
3357 7
3358 47
3359 24
3360 28
3361 88
3362 84
3363 54
3364 80
3365 48
3366 64
3367 10
3368 6
3369 71
3370 62
3371 74
3372 51
3373 23
3374 98
3375 71
3376 61
3377 96
3378 32
3379 84
3380 23
3381 67
3382 77
3383 84
3384 21
3385 56
3386 65
3387 79
3388 28
3389 17
3390 69
3391 29
3392 97
3393 56
3394 15
3395 48
3396 3
3397 81
3398 18
3399 67
3400 1
3401 65
3402 100
3403 47
3404 4
3405 20
3406 96
3407 99
3408 86
3409 72
3410 65
3411 3
3412 85
3413 17
3414 76
3415 1
3416 7
3417 22
3418 9
3419 13
3420 49
3421 30
3422 72
3423 20
3424 90
3425 59
3426 87
3427 83
3428 64
3429 19
3430 85
3431 10
3432 86
3433 8
3434 96
3435 10
3436 66
3437 79
3438 54
3439 61
3440 82
3441 34
3442 33
3443 64
3444 92
3445 32
3446 26
3447 62
3448 36
3449 51
3450 20
3451 82
3452 19
3453 72
3454 81
3455 87
3456 37
3457 98
3458 56
3459 20
3460 100
3461 73
3462 9
3463 14
3464 83
3465 83
3466 66
3467 70
3468 89
3469 44
3470 64
3471 37
3472 58
3473 97
3474 7
3475 84
3476 94
3477 73
3478 83
3479 34
3480 7
3481 16
3482 89
3483 74
3484 49
3485 20
3486 89
3487 16
3488 25
3489 43
3490 26
3491 48
3492 4
3493 56
3494 96
3495 75
3496 90
3497 30
3498 28
3499 61
3500 53
3501 37
3502 25
3503 38
3504 58
3505 27
3506 91
3507 62
3508 98
3509 34
3510 91
3511 49
3512 64
3513 21
3514 37
3515 39
3516 8
3517 91
3518 26
3519 44
3520 5
3521 43
3522 76
3523 63
3524 83
3525 38
3526 67
3527 68
3528 28
3529 41
3530 38
3531 12
3532 56
3533 52
3534 60
3535 23
3536 55
3537 3
3538 72
3539 55
3540 18
3541 8
3542 98
3543 47
3544 29
3545 12
3546 59
3547 38
3548 56
3549 4
3550 66
3551 4
3552 69
3553 96
3554 51
3555 91
3556 27
3557 100
3558 37
3559 75
3560 84
3561 56
3562 13
3563 87
3564 56
3565 39
3566 20
3567 61
3568 88
3569 69
3570 70
3571 99
3572 62
3573 94
3574 82
3575 87
3576 33
3577 91
3578 30
3579 28
3580 93
3581 71
3582 87
3583 2
3584 66
3585 31
3586 10
3587 75
3588 14
3589 8
3590 1
3591 73
3592 36
3593 62
3594 88
3595 48
3596 39
3597 79
3598 63
3599 55
3600 81
3601 20
3602 25
3603 94
3604 55
3605 8
3606 60
3607 15
3608 15
3609 30
3610 29
3611 16
3612 6
3613 56
3614 16
3615 56
3616 46
3617 8
3618 87
3619 38
3620 19
3621 6
3622 64
3623 9
3624 49
3625 33
3626 45
3627 88
3628 67
3629 49
3630 29
3631 9
3632 54
3633 40
3634 22
3635 44
3636 13
3637 69
3638 47
3639 54
3640 8
3641 19
3642 59
3643 57
3644 68
3645 42
3646 6
3647 85
3648 45
3649 62
3650 96
3651 95
3652 13
3653 88
3654 32
3655 68
3656 57
3657 94
3658 97
3659 45
3660 5
3661 5
3662 86
3663 19
3664 82
3665 45
3666 33
3667 96
3668 55
3669 73
3670 20
3671 71
3672 59
3673 86
3674 84
3675 97
3676 16
3677 82
3678 23
3679 3
3680 4
3681 23
3682 3
3683 64
3684 11
3685 15
3686 48
3687 91
3688 61
3689 16
3690 39
3691 94
3692 18
3693 12
3694 82
3695 88
3696 98
3697 11
3698 96
3699 24
3700 35
3701 87
3702 29
3703 84
3704 24
3705 26
3706 9
3707 13
3708 13
3709 66
3710 71
3711 38
3712 34
3713 81
3714 82
3715 7
3716 2
3717 1
3718 26
3719 35
3720 12
3721 99
3722 71
3723 88
3724 67
3725 42
3726 28
3727 95
3728 63
3729 46
3730 63
3731 10
3732 64
3733 3
3734 43
3735 45
3736 67
3737 33
3738 30
3739 23
3740 8
3741 9
3742 21
3743 41
3744 76
3745 83
3746 44
3747 89
3748 64
3749 9
3750 40
3751 54
3752 68
3753 96
3754 95
3755 85
3756 28
3757 30
3758 76
3759 94
3760 100
3761 50
3762 46
3763 73
3764 39
3765 23
3766 45
3767 8
3768 47
3769 32
3770 54
3771 4
3772 24
3773 49
3774 24
3775 42
3776 56
3777 72
3778 45
3779 88
3780 7
3781 86
3782 68
3783 64
3784 92
3785 7
3786 96
3787 17
3788 20
3789 24
3790 50
3791 72
3792 51
3793 64
3794 6
3795 88
3796 83
3797 22
3798 69
3799 60
3800 66
3801 54
3802 67
3803 81
3804 98
3805 57
3806 81
3807 16
3808 7
3809 44
3810 20
3811 33
3812 43
3813 62
3814 43
3815 92
3816 68
3817 5
3818 79
3819 49
3820 72
3821 20
3822 9
3823 58
3824 45
3825 3
3826 81
3827 17
3828 34
3829 60
3830 40
3831 87
3832 54
3833 3
3834 25
3835 43
3836 16
3837 96
3838 65
3839 94
3840 5
3841 39
3842 4
3843 78
3844 52
3845 25
3846 9
3847 43
3848 85
3849 93
3850 98
3851 79
3852 40
3853 37
3854 85
3855 65
3856 64
3857 21
3858 30
3859 85
3860 92
3861 59
3862 91
3863 71
3864 72
3865 83
3866 52
3867 14
3868 26
3869 65
3870 21
3871 72
3872 2
3873 92
3874 10
3875 40
3876 89
3877 27
3878 20
3879 66
3880 96
3881 46
3882 51
3883 38
3884 64
3885 56
3886 65
3887 51
3888 95
3889 92
3890 81
3891 68
3892 82
3893 39
3894 55
3895 92
3896 83
3897 87
3898 64
3899 75
3900 1
3901 99
3902 1
3903 8
3904 85
3905 53
3906 69
3907 88
3908 90
3909 24
3910 73
3911 62
3912 32
3913 62
3914 66
3915 40
3916 69
3917 10
3918 57
3919 18
3920 29
3921 95
3922 96
3923 57
3924 64
3925 83
3926 59
3927 34
3928 97
3929 85
3930 7
3931 78
3932 44
3933 46
3934 30
3935 61
3936 8
3937 7
3938 82
3939 97
3940 16
3941 93
3942 95
3943 82
3944 71
3945 41
3946 84
3947 31
3948 81
3949 12
3950 27
3951 69
3952 63
3953 12
3954 45
3955 51
3956 24
3957 34
3958 34
3959 85
3960 2
3961 98
3962 43
3963 95
3964 69
3965 46
3966 64
3967 8
3968 97
3969 17
3970 88
3971 8
3972 4
3973 25
3974 68
3975 37
3976 31
3977 91
3978 18
3979 74
3980 6
3981 98
3982 23
3983 14
3984 96
3985 99
3986 70
3987 67
3988 95
3989 69
3990 25
3991 43
3992 97
3993 4
3994 90
3995 100
3996 33
3997 46
3998 74
3999 4
4000 35
4001 16
4002 83
4003 76
4004 20
4005 34
4006 96
4007 78
4008 97
4009 57
4010 43
4011 53
4012 48
4013 53
4014 30
4015 66
4016 70
4017 3
4018 55
4019 63
4020 19
4021 14
4022 34
4023 9
4024 76
4025 30
4026 71
4027 27
4028 23
4029 97
4030 58
4031 86
4032 85
4033 73
4034 49
4035 44
4036 78
4037 30
4038 15
4039 42
4040 52
4041 91
4042 20
4043 68
4044 65
4045 33
4046 82
4047 91
4048 66
4049 64
4050 26
4051 42
4052 58
4053 91
4054 75
4055 15
4056 50
4057 5
4058 87
4059 29
4060 99
4061 19
4062 7
4063 20
4064 5
4065 23
4066 30
4067 96
4068 68
4069 51
4070 94
4071 76
4072 30
4073 1
4074 95
4075 87
4076 35
4077 29
4078 53
4079 40
4080 65
4081 99
4082 1
4083 12
4084 90
4085 15
4086 23
4087 57
4088 18
4089 15
4090 100
4091 8
4092 37
4093 96
4094 81
4095 14
4096 67
4097 1
4098 44
4099 13
4100 19
4101 56
4102 33
4103 31
4104 42
4105 78
4106 72
4107 27
4108 50
4109 83
4110 34
4111 28
4112 86
4113 2
4114 21
4115 55
4116 33
4117 94
4118 10
4119 4
4120 22
4121 5
4122 99
4123 78
4124 6
4125 84
4126 81
4127 16
4128 78
4129 96
4130 56
4131 1
4132 27
4133 34
4134 93
4135 38
4136 62
4137 36
4138 96
4139 84
4140 48
4141 26
4142 17
4143 3
4144 12
4145 85
4146 84
4147 23
4148 20
4149 84
4150 37
4151 24
4152 67
4153 85
4154 28
4155 3
4156 50
4157 80
4158 3
4159 11
4160 27
4161 80
4162 27
4163 87
4164 75
4165 62
4166 61
4167 30
4168 35
4169 24
4170 99
4171 99
4172 64
4173 35
4174 49
4175 72
4176 73
4177 29
4178 78
4179 94
4180 65
4181 73
4182 96
4183 65
4184 43
4185 44
4186 7
4187 55
4188 71
4189 75
4190 67
4191 60
4192 92
4193 46
4194 44
4195 72
4196 92
4197 58
4198 58
4199 92
4200 8
4201 95
4202 78
4203 71
4204 98
4205 56
4206 58
4207 70
4208 52
4209 42
4210 95
4211 20
4212 22
4213 27
4214 42
4215 44
4216 30
4217 8
4218 33
4219 99
4220 42
4221 34
4222 3
4223 6
4224 51
4225 82
4226 97
4227 95
4228 26
4229 24
4230 15
4231 45
4232 78
4233 18
4234 95
4235 95
4236 26
4237 84
4238 55
4239 85
4240 92
4241 86
4242 47
4243 80
4244 61
4245 51
4246 63
4247 23
4248 96
4249 64
4250 18
4251 86
4252 32
4253 47
4254 52
4255 70
4256 13
4257 25
4258 30
4259 53
4260 17
4261 14
4262 58
4263 50
4264 12
4265 77
4266 24
4267 82
4268 40
4269 100
4270 46
4271 70
4272 53
4273 86
4274 74
4275 84
4276 12
4277 2
4278 89
4279 77
4280 49
4281 77
4282 57
4283 12
4284 91
4285 67
4286 98
4287 77
4288 19
4289 22
4290 75
4291 6
4292 96
4293 38
4294 52
4295 82
4296 44
4297 53
4298 85
4299 47
4300 2
4301 14
4302 87
4303 20
4304 76
4305 34
4306 67
4307 36
4308 94
4309 24
4310 84
4311 43
4312 24
4313 41
4314 14
4315 75
4316 22
4317 97
4318 78
4319 74
4320 33
4321 41
4322 25
4323 43
4324 96
4325 5
4326 71
4327 42
4328 85
4329 83
4330 41
4331 69
4332 11
4333 16
4334 37
4335 72
4336 80
4337 22
4338 22
4339 13
4340 63
4341 61
4342 37
4343 38
4344 89
4345 79
4346 58
4347 91
4348 89
4349 29
4350 77
4351 86
4352 25
4353 19
4354 36
4355 91
4356 73
4357 44
4358 4
4359 37
4360 40
4361 76
4362 9
4363 71
4364 92
4365 27
4366 53
4367 48
4368 30
4369 2
4370 82
4371 15
4372 24
4373 83
4374 17
4375 55
4376 74
4377 48
4378 77
4379 7
4380 86
4381 26
4382 35
4383 23
4384 66
4385 97
4386 61
4387 87
4388 76
4389 40
4390 35
4391 25
4392 43
4393 39
4394 61
4395 76
4396 22
4397 39
4398 94
4399 89
4400 79
4401 59
4402 74
4403 20
4404 12
4405 83
4406 29
4407 76
4408 30
4409 34
4410 80
4411 6
4412 33
4413 53
4414 73
4415 85
4416 26
4417 79
4418 71
4419 93
4420 90
4421 1
4422 19
4423 79
4424 21
4425 84
4426 98
4427 88
4428 40
4429 70
4430 39
4431 14
4432 3
4433 73
4434 8
4435 64
4436 59
4437 23
4438 81
4439 32
4440 10
4441 28
4442 38
4443 62
4444 90
4445 19
4446 26
4447 59
4448 65
4449 20
4450 60
4451 39
4452 16
4453 44
4454 88
4455 60
4456 85
4457 15
4458 6
4459 43
4460 65
4461 17
4462 26
4463 9
4464 20
4465 9
4466 45
4467 60
4468 24
4469 74
4470 10
4471 32
4472 72
4473 79
4474 100
4475 26
4476 50
4477 1
4478 96
4479 2
4480 86
4481 74
4482 8
4483 49
4484 92
4485 42
4486 30
4487 39
4488 71
4489 32
4490 52
4491 10
4492 86
4493 52
4494 38
4495 53
4496 1
4497 65
4498 2
4499 28
4500 70
4501 29
4502 1
4503 33
4504 54
4505 62
4506 59
4507 61
4508 40
4509 42
4510 35
4511 87
4512 72
4513 4
4514 92
4515 66
4516 5
4517 87
4518 92
4519 80
4520 77
4521 55
4522 84
4523 45
4524 12
4525 91
4526 46
4527 63
4528 27
4529 82
4530 81
4531 81
4532 16
4533 84
4534 81
4535 59
4536 76
4537 78
4538 7
4539 97
4540 89
4541 59
4542 79
4543 53
4544 81
4545 53
4546 12
4547 43
4548 28
4549 30
4550 16
4551 67
4552 45
4553 52
4554 21
4555 27
4556 9
4557 7
4558 10
4559 45
4560 25
4561 67
4562 33
4563 30
4564 25
4565 40
4566 22
4567 39
4568 5
4569 12
4570 12
4571 42
4572 89
4573 80
4574 26
4575 54
4576 87
4577 92
4578 38
4579 37
4580 57
4581 65
4582 62
4583 48
4584 25
4585 95
4586 36
4587 41
4588 21
4589 96
4590 78
4591 62
4592 19
4593 43
4594 13
4595 80
4596 27
4597 28
4598 95
4599 40
4600 27
4601 19
4602 7
4603 15
4604 85
4605 83
4606 76
4607 25
4608 97
4609 23
4610 56
4611 75
4612 89
4613 7
4614 63
4615 66
4616 55
4617 72
4618 58
4619 65
4620 15
4621 48
4622 29
4623 12
4624 7
4625 77
4626 97
4627 79
4628 19
4629 20
4630 41
4631 30
4632 5
4633 31
4634 93
4635 14
4636 30
4637 46
4638 34
4639 79
4640 70
4641 8
4642 4
4643 71
4644 96
4645 26
4646 47
4647 99
4648 73
4649 87
4650 56
4651 12
4652 56
4653 70
4654 71
4655 78
4656 55
4657 90
4658 39
4659 31
4660 12
4661 98
4662 59
4663 39
4664 25
4665 31
4666 43
4667 73
4668 82
4669 74
4670 26
4671 2
4672 100
4673 9
4674 7
4675 84
4676 58
4677 34
4678 77
4679 94
4680 69
4681 27
4682 8
4683 87
4684 88
4685 18
4686 64
4687 19
4688 49
4689 77
4690 71
4691 18
4692 45
4693 94
4694 19
4695 39
4696 87
4697 47
4698 36
4699 84
4700 2
4701 37
4702 39
4703 44
4704 45
4705 1
4706 52
4707 79
4708 83
4709 29
4710 95
4711 30
4712 92
4713 59
4714 1
4715 60
4716 69
4717 60
4718 75
4719 10
4720 1
4721 55
4722 79
4723 72
4724 36
4725 49
4726 76
4727 13
4728 62
4729 10
4730 40
4731 4
4732 93
4733 20
4734 56
4735 92
4736 25
4737 14
4738 71
4739 82
4740 23
4741 45
4742 17
4743 93
4744 39
4745 69
4746 69
4747 75
4748 11
4749 42
4750 86
4751 2
4752 49
4753 42
4754 62
4755 45
4756 8
4757 26
4758 23
4759 44
4760 59
4761 6
4762 67
4763 30
4764 63
4765 13
4766 29
4767 41
4768 5
4769 43
4770 18
4771 24
4772 77
4773 19
4774 18
4775 100
4776 88
4777 49
4778 79
4779 52
4780 91
4781 98
4782 71
4783 60
4784 97
4785 2
4786 44
4787 31
4788 68
4789 60
4790 33
4791 65
4792 61
4793 10
4794 56
4795 30
4796 84
4797 21
4798 45
4799 60
4800 80
4801 77
4802 31
4803 47
4804 43
4805 57
4806 71
4807 71
4808 54
4809 70
4810 96
4811 86
4812 24
4813 36
4814 46
4815 16
4816 20
4817 12
4818 10
4819 67
4820 26
4821 74
4822 94
4823 84
4824 45
4825 48
4826 65
4827 66
4828 87
4829 37
4830 54
4831 13
4832 86
4833 39
4834 34
4835 82
4836 8
4837 20
4838 80
4839 75
4840 83
4841 25
4842 55
4843 92
4844 25
4845 87
4846 92
4847 51
4848 40
4849 8
4850 29
4851 39
4852 87
4853 57
4854 83
4855 57
4856 26
4857 88
4858 70
4859 23
4860 44
4861 37
4862 15
4863 79
4864 9
4865 31
4866 70
4867 9
4868 44
4869 2
4870 33
4871 11
4872 1
4873 62
4874 19
4875 24
4876 40
4877 16
4878 64
4879 51
4880 19
4881 9
4882 71
4883 57
4884 74
4885 50
4886 9
4887 93
4888 13
4889 1
4890 44
4891 4
4892 67
4893 26
4894 92
4895 23
4896 20
4897 86
4898 40
4899 92
4900 22
4901 13
4902 64
4903 25
4904 39
4905 77
4906 19
4907 91
4908 30
4909 75
4910 92
4911 84
4912 68
4913 26
4914 14
4915 30
4916 83
4917 4
4918 52
4919 84
4920 35
4921 61
4922 94
4923 91
4924 21
4925 41
4926 27
4927 29
4928 86
4929 73
4930 37
4931 17
4932 97
4933 61
4934 30
4935 12
4936 59
4937 8
4938 98
4939 8
4940 34
4941 56
4942 79
4943 36
4944 31
4945 30
4946 40
4947 97
4948 44
4949 54
4950 28
4951 89
4952 3
4953 89
4954 26
4955 10
4956 79
4957 42
4958 96
4959 30
4960 13
4961 66
4962 7
4963 49
4964 26
4965 96
4966 47
4967 78
4968 14
4969 30
4970 18
4971 52
4972 59
4973 34
4974 93
4975 22
4976 50
4977 14
4978 15
4979 46
4980 26
4981 9
4982 75
4983 43
4984 75
4985 2
4986 98
4987 54
4988 65
4989 75
4990 4
4991 58
4992 23
4993 89
4994 2
4995 11
4996 78
4997 38
4998 67
4999 41
5000 38
5001 84
5002 79
5003 45
5004 95
5005 41
5006 60
5007 34
5008 17
5009 90
5010 7
5011 5
5012 23
5013 85
5014 9
5015 96
5016 26
5017 39
5018 39
5019 61
5020 16
5021 77
5022 23
5023 43
5024 39
5025 31
5026 23
5027 52
5028 27
5029 40
5030 83
5031 80
5032 69
5033 61
5034 44
5035 16
5036 35
5037 66
5038 94
5039 81
5040 28
5041 37
5042 84
5043 2
5044 96
5045 18
5046 36
5047 75
5048 2
5049 2
5050 58
5051 1
5052 40
5053 71
5054 77
5055 78
5056 57
5057 44
5058 22
5059 87
5060 43
5061 7
5062 46
5063 21
5064 67
5065 74
5066 37
5067 96
5068 49
5069 20
5070 29
5071 58
5072 17
5073 7
5074 79
5075 25
5076 78
5077 37
5078 91
5079 50
5080 19
5081 35
5082 58
5083 41
5084 99
5085 51
5086 63
5087 98
5088 12
5089 59
5090 76
5091 40
5092 11
5093 70
5094 66
5095 91
5096 55
5097 10
5098 20
5099 65
5100 9
5101 23
5102 94
5103 94
5104 86
5105 24
5106 30
5107 58
5108 39
5109 87
5110 64
5111 31
5112 90
5113 13
5114 52
5115 72
5116 78
5117 44
5118 35
5119 74
5120 51
5121 96
5122 24
5123 49
5124 92
5125 67
5126 84
5127 9
5128 27
5129 80
5130 18
5131 77
5132 43
5133 98
5134 33
5135 89
5136 89
5137 15
5138 46
5139 41
5140 9
5141 10
5142 86
5143 60
5144 2
5145 49
5146 51
5147 93
5148 4
5149 49
5150 82
5151 4
5152 93
5153 12
5154 39
5155 42
5156 16
5157 43
5158 81
5159 61
5160 7
5161 99
5162 42
5163 77
5164 95
5165 13
5166 80
5167 89
5168 50
5169 28
5170 8
5171 64
5172 56
5173 12
5174 68
5175 67
5176 58
5177 5
5178 97
5179 49
5180 44
5181 75
5182 29
5183 99
5184 61
5185 100
5186 86
5187 34
5188 47
5189 51
5190 15
5191 23
5192 40
5193 60
5194 82
5195 47
5196 66
5197 98
5198 44
5199 36
5200 45
5201 67
5202 91
5203 71
5204 17
5205 43
5206 25
5207 33
5208 41
5209 39
5210 38
5211 48
5212 61
5213 57
5214 83
5215 42
5216 1
5217 23
5218 61
5219 55
5220 88
5221 66
5222 94
5223 19
5224 87
5225 29
5226 78
5227 43
5228 95
5229 6
5230 12
5231 41
5232 83
5233 82
5234 48
5235 49
5236 12
5237 27
5238 18
5239 87
5240 23
5241 45
5242 81
5243 89
5244 10
5245 43
5246 86
5247 31
5248 15
5249 43
5250 14
5251 4
5252 63
5253 77
5254 53
5255 46
5256 23
5257 63
5258 28
5259 20
5260 55
5261 36
5262 79
5263 58
5264 49
5265 27
5266 68
5267 12
5268 80
5269 78
5270 38
5271 77
5272 23
5273 55
5274 75
5275 10
5276 72
5277 83
5278 82
5279 71
5280 25
5281 22
5282 78
5283 73
5284 96
5285 31
5286 100
5287 80
5288 32
5289 59
5290 83
5291 92
5292 6
5293 17
5294 60
5295 40
5296 62
5297 7
5298 13
5299 21
5300 57
5301 14
5302 70
5303 70
5304 87
5305 18
5306 35
5307 16
5308 98
5309 81
5310 87
5311 19
5312 18
5313 100
5314 19
5315 54
5316 19
5317 71
5318 90
5319 61
5320 67
5321 81
5322 20
5323 64
5324 67
5325 6
5326 89
5327 23
5328 96
5329 35
5330 79
5331 87
5332 82
5333 72
5334 53
5335 7
5336 36
5337 3
5338 32
5339 82
5340 36
5341 43
5342 43
5343 69
5344 65
5345 6
5346 17
5347 4
5348 45
5349 7
5350 95
5351 90
5352 55
5353 22
5354 57
5355 29
5356 92
5357 58
5358 73
5359 57
5360 18
5361 27
5362 45
5363 47
5364 62
5365 5
5366 61
5367 32
5368 69
5369 14
5370 91
5371 52
5372 11
5373 77
5374 4
5375 83
5376 22
5377 97
5378 22
5379 48
5380 95
5381 83
5382 91
5383 88
5384 46
5385 82
5386 24
5387 54
5388 50
5389 40
5390 49
5391 35
5392 65
5393 80
5394 76
5395 26
5396 10
5397 49
5398 42
5399 73
5400 79
5401 9
5402 90
5403 16
5404 87
5405 55
5406 22
5407 27
5408 48
5409 37
5410 31
5411 55
5412 86
5413 93
5414 59
5415 70
5416 41
5417 76
5418 16
5419 9
5420 92
5421 90
5422 8
5423 100
5424 87
5425 98
5426 4
5427 48
5428 38
5429 93
5430 65
5431 84
5432 40
5433 24
5434 1
5435 5
5436 58
5437 64
5438 39
5439 16
5440 22
5441 32
5442 78
5443 11
5444 10
5445 97
5446 21
5447 61
5448 26
5449 99
5450 32
5451 2
5452 56
5453 24
5454 21
5455 36
5456 51
5457 63
5458 39
5459 49
5460 71
5461 64
5462 90
5463 44
5464 5
5465 51
5466 28
5467 73
5468 98
5469 4
5470 17
5471 25
5472 22
5473 67
5474 19
5475 80
5476 64
5477 97
5478 65
5479 42
5480 35
5481 42
5482 81
5483 31
5484 28
5485 50
5486 94
5487 16
5488 90
5489 1
5490 69
5491 60
5492 46
5493 59
5494 7
5495 61
5496 22
5497 93
5498 47
5499 82
5500 83
5501 17
5502 34
5503 56
5504 3
5505 82
5506 57
5507 37
5508 22
5509 14
5510 95
5511 10
5512 71
5513 17
5514 97
5515 86
5516 15
5517 48
5518 76
5519 67
5520 49
5521 3
5522 43
5523 22
5524 66
5525 96
5526 36
5527 31
5528 50
5529 40
5530 61
5531 42
5532 79
5533 35
5534 21
5535 30
5536 81
5537 70
5538 89
5539 52
5540 23
5541 27
5542 60
5543 9
5544 56
5545 21
5546 78
5547 81
5548 67
5549 5
5550 20
5551 85
5552 52
5553 5
5554 99
5555 8
5556 95
5557 1
5558 12
5559 57
5560 11
5561 51
5562 43
5563 33
5564 95
5565 69
5566 23
5567 61
5568 62
5569 40
5570 40
5571 25
5572 93
5573 2
5574 7
5575 57
5576 34
5577 77
5578 6
5579 82
5580 80
5581 87
5582 84
5583 94
5584 34
5585 26
5586 83
5587 10
5588 75
5589 60
5590 2
5591 32
5592 45
5593 24
5594 98
5595 17
5596 71
5597 42
5598 64
5599 23
5600 74
5601 53
5602 7
5603 35
5604 42
5605 81
5606 15
5607 98
5608 51
5609 88
5610 35
5611 67
5612 57
5613 99
5614 15
5615 96
5616 20
5617 64
5618 25
5619 26
5620 42
5621 100
5622 98
5623 61
5624 43
5625 64
5626 27
5627 58
5628 7
5629 41
5630 38
5631 50
5632 86
5633 29
5634 47
5635 78
5636 99
5637 64
5638 98
5639 50
5640 53
5641 63
5642 9
5643 34
5644 88
5645 11
5646 99
5647 25
5648 24
5649 29
5650 39
5651 81
5652 66
5653 2
5654 8
5655 23
5656 81
5657 72
5658 6
5659 22
5660 85
5661 86
5662 59
5663 26
5664 17
5665 73
5666 86
5667 72
5668 32
5669 19
5670 54
5671 62
5672 36
5673 8
5674 46
5675 12
5676 69
5677 26
5678 40
5679 45
5680 79
5681 43
5682 53
5683 45
5684 33
5685 28
5686 35
5687 39
5688 27
5689 48
5690 40
5691 82
5692 20
5693 84
5694 71
5695 94
5696 11
5697 24
5698 56
5699 99
5700 27
5701 99
5702 39
5703 1
5704 72
5705 3
5706 88
5707 36
5708 34
5709 21
5710 8
5711 42
5712 79
5713 25
5714 45
5715 24
5716 97
5717 44
5718 4
5719 29
5720 37
5721 87
5722 76
5723 60
5724 69
5725 76
5726 31
5727 24
5728 66
5729 45
5730 53
5731 5
5732 47
5733 6
5734 62
5735 56
5736 70
5737 47
5738 25
5739 60
5740 52
5741 16
5742 59
5743 46
5744 51
5745 10
5746 75
5747 69
5748 91
5749 92
5750 60
5751 39
5752 6
5753 23
5754 74
5755 71
5756 67
5757 70
5758 55
5759 16
5760 90
5761 87
5762 23
5763 13
5764 63
5765 1
5766 81
5767 40
5768 55
5769 72
5770 23
5771 54
5772 94
5773 80
5774 36
5775 42
5776 83
5777 75
5778 27
5779 37
5780 94
5781 30
5782 93
5783 45
5784 39
5785 31
5786 27
5787 90
5788 25
5789 78
5790 14
5791 50
5792 20
5793 14
5794 40
5795 9
5796 9
5797 52
5798 43
5799 68
5800 43
5801 88
5802 56
5803 34
5804 26
5805 96
5806 72
5807 47
5808 60
5809 23
5810 43
5811 99
5812 41
5813 89
5814 28
5815 61
5816 7
5817 74
5818 60
5819 63
5820 2
5821 19
5822 97
5823 8
5824 76
5825 47
5826 84
5827 26
5828 17
5829 43
5830 87
5831 81
5832 54
5833 78
5834 63
5835 97
5836 6
5837 74
5838 19
5839 33
5840 22
5841 48
5842 34
5843 1
5844 60
5845 29
5846 38
5847 40
5848 85
5849 13
5850 99
5851 66
5852 2
5853 12
5854 95
5855 59
5856 8
5857 75
5858 92
5859 100
5860 59
5861 7
5862 86
5863 35
5864 1
5865 1
5866 9
5867 17
5868 82
5869 44
5870 70
5871 86
5872 49
5873 19
5874 84
5875 50
5876 53
5877 30
5878 82
5879 84
5880 5
5881 79
5882 41
5883 9
5884 2
5885 12
5886 61
5887 82
5888 20
5889 65
5890 34
5891 58
5892 49
5893 39
5894 31
5895 33
5896 45
5897 54
5898 60
5899 89
5900 62
5901 46
5902 40
5903 17
5904 8
5905 45
5906 39
5907 74
5908 95
5909 54
5910 78
5911 96
5912 30
5913 28
5914 75
5915 64
5916 75
5917 34
5918 46
5919 5
5920 19
5921 47
5922 74
5923 38
5924 86
5925 78
5926 12
5927 15
5928 36
5929 76
5930 28
5931 62
5932 28
5933 74
5934 21
5935 65
5936 41
5937 83
5938 19
5939 33
5940 5
5941 7
5942 70
5943 7
5944 80
5945 38
5946 57
5947 84
5948 22
5949 53
5950 65
5951 44
5952 59
5953 64
5954 29
5955 55
5956 92
5957 61
5958 89
5959 86
5960 98
5961 43
5962 19
5963 94
5964 80
5965 29
5966 82
5967 88
5968 30
5969 20
5970 65
5971 81
5972 55
5973 62
5974 69
5975 78
5976 51
5977 57
5978 12
5979 61
5980 35
5981 36
5982 55
5983 45
5984 88
5985 28
5986 13
5987 41
5988 92
5989 34
5990 86
5991 91
5992 92
5993 46
5994 71
5995 21
5996 42
5997 3
5998 5
5999 63
6000 65
6001 94
6002 66
6003 97
6004 15
6005 20
6006 99
6007 93
6008 21
6009 1
6010 75
6011 90
6012 26
6013 57
6014 61
6015 7
6016 89
6017 78
6018 27
6019 5
6020 38
6021 15
6022 56
6023 81
6024 6
6025 7
6026 41
6027 91
6028 10
6029 86
6030 7
6031 2
6032 40
6033 64
6034 100
6035 88
6036 35
6037 85
6038 86
6039 68
6040 74
6041 93
6042 90
6043 27
6044 64
6045 94
6046 84
6047 100
6048 22
6049 31
6050 69
6051 46
6052 64
6053 87
6054 70
6055 53
6056 40
6057 26
6058 19
6059 89
6060 100
6061 15
6062 72
6063 83
6064 39
6065 85
6066 56
6067 48
6068 11
6069 3
6070 5
6071 69
6072 78
6073 59
6074 18
6075 21
6076 55
6077 5
6078 7
6079 19
6080 91
6081 99
6082 76
6083 68
6084 100
6085 21
6086 52
6087 77
6088 42
6089 89
6090 16
6091 72
6092 77
6093 94
6094 60
6095 69
6096 82
6097 45
6098 27
6099 37
6100 97
6101 53
6102 27
6103 29
6104 97
6105 80
6106 53
6107 4
6108 54
6109 86
6110 47
6111 58
6112 65
6113 54
6114 28
6115 17
6116 29
6117 25
6118 56
6119 82
6120 60
6121 20
6122 90
6123 61
6124 42
6125 59
6126 57
6127 49
6128 53
6129 96
6130 79
6131 78
6132 40
6133 10
6134 66
6135 8
6136 26
6137 71
6138 99
6139 39
6140 87
6141 70
6142 15
6143 94
6144 27
6145 94
6146 37
6147 71
6148 78
6149 18
6150 23
6151 14
6152 43
6153 77
6154 69
6155 7
6156 66
6157 91
6158 81
6159 2
6160 21
6161 44
6162 29
6163 10
6164 21
6165 86
6166 57
6167 87
6168 13
6169 9
6170 5
6171 56
6172 74
6173 15
6174 17
6175 75
6176 12
6177 10
6178 92
6179 26
6180 39
6181 22
6182 72
6183 7
6184 2
6185 75
6186 3
6187 45
6188 15
6189 41
6190 67
6191 53
6192 48
6193 89
6194 86
6195 24
6196 82
6197 15
6198 82
6199 36
6200 51
6201 44
6202 39
6203 44
6204 69
6205 17
6206 78
6207 51
6208 15
6209 43
6210 74
6211 40
6212 51
6213 11
6214 28
6215 19
6216 14
6217 100
6218 67
6219 35
6220 89
6221 21
6222 2
6223 89
6224 91
6225 54
6226 34
6227 8
6228 74
6229 71
6230 31
6231 11
6232 12
6233 71
6234 11
6235 59
6236 93
6237 12
6238 8
6239 28
6240 59
6241 53
6242 40
6243 75
6244 48
6245 87
6246 71
6247 27
6248 70
6249 42
6250 5
6251 83
6252 88
6253 71
6254 38
6255 50
6256 50
6257 89
6258 36
6259 65
6260 17
6261 45
6262 47
6263 58
6264 22
6265 83
6266 70
6267 76
6268 6
6269 72
6270 37
6271 19
6272 19
6273 81
6274 97
6275 19
6276 78
6277 37
6278 1
6279 19
6280 39
6281 7
6282 72
6283 64
6284 83
6285 5
6286 58
6287 83
6288 35
6289 16
6290 42
6291 29
6292 18
6293 56
6294 34
6295 61
6296 69
6297 19
6298 22
6299 50
6300 57
6301 42
6302 30
6303 26
6304 10
6305 23
6306 41
6307 78
6308 89
6309 97
6310 100
6311 6
6312 16
6313 80
6314 25
6315 45
6316 86
6317 20
6318 40
6319 92
6320 84
6321 63
6322 63
6323 97
6324 80
6325 86
6326 79
6327 84
6328 71
6329 55
6330 17
6331 69
6332 68
6333 94
6334 4
6335 33
6336 12
6337 40
6338 3
6339 4
6340 84
6341 60
6342 95
6343 47
6344 45
6345 12
6346 18
6347 38
6348 56
6349 22
6350 37
6351 72
6352 35
6353 9
6354 40
6355 39
6356 12
6357 92
6358 75
6359 12
6360 74
6361 23
6362 53
6363 2
6364 31
6365 18
6366 43
6367 84
6368 38
6369 64
6370 73
6371 76
6372 64
6373 78
6374 82
6375 63
6376 7
6377 52
6378 24
6379 69
6380 99
6381 6
6382 66
6383 17
6384 63
6385 95
6386 89
6387 72
6388 96
6389 52
6390 75
6391 41
6392 87
6393 43
6394 77
6395 11
6396 15
6397 29
6398 62
6399 40
6400 98
6401 11
6402 51
6403 69
6404 36
6405 79
6406 49
6407 72
6408 7
6409 18
6410 88
6411 62
6412 22
6413 29
6414 8
6415 55
6416 21
6417 67
6418 50
6419 81
6420 75
6421 76
6422 51
6423 1
6424 90
6425 98
6426 77
6427 80
6428 79
6429 40
6430 95
6431 35
6432 2
6433 58
6434 61
6435 56
6436 32
6437 50
6438 27
6439 20
6440 95
6441 13
6442 27
6443 28
6444 90
6445 73
6446 26
6447 42
6448 88
6449 48
6450 31
6451 56
6452 28
6453 72
6454 83
6455 91
6456 16
6457 80
6458 21
6459 86
6460 32
6461 4
6462 25
6463 74
6464 43
6465 34
6466 52
6467 43
6468 3
6469 42
6470 100
6471 9
6472 99
6473 97
6474 35
6475 46
6476 79
6477 29
6478 18
6479 79
6480 84
6481 53
6482 20
6483 75
6484 18
6485 79
6486 67
6487 4
6488 42
6489 64
6490 86
6491 61
6492 25
6493 51
6494 53
6495 75
6496 69
6497 28
6498 47
6499 56
6500 89
6501 37
6502 34
6503 20
6504 9
6505 83
6506 62
6507 16
6508 12
6509 39
6510 81
6511 11
6512 28
6513 17
6514 35
6515 35
6516 59
6517 49
6518 8
6519 94
6520 1
6521 44
6522 70
6523 62
6524 34
6525 23
6526 65
6527 78
6528 65
6529 83
6530 53
6531 76
6532 67
6533 92
6534 59
6535 6
6536 44
6537 82
6538 55
6539 85
6540 25
6541 28
6542 28
6543 12
6544 17
6545 59
6546 50
6547 70
6548 67
6549 53
6550 66
6551 21
6552 68
6553 82
6554 25
6555 12
6556 58
6557 46
6558 61
6559 50
6560 31
6561 37
6562 48
6563 67
6564 76
6565 60
6566 41
6567 14
6568 94
6569 92
6570 90
6571 18
6572 8
6573 34
6574 61
6575 98
6576 29
6577 49
6578 61
6579 31
6580 35
6581 15
6582 54
6583 59
6584 74
6585 88
6586 63
6587 1
6588 6
6589 40
6590 95
6591 19
6592 94
6593 87
6594 84
6595 18
6596 56
6597 78
6598 92
6599 49
6600 84
6601 65
6602 99
6603 16
6604 62
6605 14
6606 1
6607 66
6608 34
6609 92
6610 7
6611 85
6612 17
6613 63
6614 25
6615 87
6616 24
6617 93
6618 95
6619 41
6620 53
6621 64
6622 13
6623 11
6624 8
6625 50
6626 55
6627 1
6628 98
6629 99
6630 91
6631 86
6632 84
6633 97
6634 30
6635 63
6636 45
6637 36
6638 16
6639 67
6640 61
6641 23
6642 8
6643 37
6644 1
6645 94
6646 50
6647 17
6648 26
6649 98
6650 48
6651 22
6652 93
6653 66
6654 50
6655 27
6656 73
6657 68
6658 94
6659 95
6660 32
6661 40
6662 55
6663 39
6664 8
6665 25
6666 41
6667 77
6668 25
6669 4
6670 19
6671 64
6672 9
6673 7
6674 94
6675 55
6676 76
6677 39
6678 56
6679 30
6680 39
6681 29
6682 43
6683 46
6684 70
6685 21
6686 23
6687 4
6688 82
6689 32
6690 96
6691 42
6692 20
6693 29
6694 1
6695 1
6696 24
6697 20
6698 68
6699 15
6700 56
6701 31
6702 19
6703 48
6704 1
6705 5
6706 56
6707 86
6708 20
6709 15
6710 65
6711 41
6712 95
6713 50
6714 44
6715 77
6716 5
6717 66
6718 49
6719 39
6720 83
6721 34
6722 12
6723 83
6724 99
6725 18
6726 48
6727 46
6728 59
6729 66
6730 39
6731 89
6732 6
6733 48
6734 81
6735 11
6736 100
6737 73
6738 11
6739 75
6740 39
6741 39
6742 84
6743 8
6744 93
6745 28
6746 2
6747 91
6748 89
6749 12
6750 85
6751 55
6752 52
6753 96
6754 35
6755 77
6756 13
6757 22
6758 26
6759 1
6760 41
6761 70
6762 33
6763 40
6764 60
6765 99
6766 62
6767 63
6768 42
6769 73
6770 93
6771 3
6772 9
6773 35
6774 2
6775 40
6776 62
6777 19
6778 97
6779 20
6780 74
6781 73
6782 94
6783 76
6784 70
6785 2
6786 62
6787 73
6788 96
6789 75
6790 28
6791 85
6792 78
6793 98
6794 2
6795 55
6796 61
6797 78
6798 77
6799 65
6800 10
6801 18
6802 24
6803 53
6804 31
6805 27
6806 46
6807 22
6808 65
6809 23
6810 21
6811 71
6812 34
6813 33
6814 45
6815 76
6816 48
6817 58
6818 18
6819 22
6820 60
6821 95
6822 99
6823 33
6824 64
6825 92
6826 7
6827 92
6828 33
6829 23
6830 15
6831 61
6832 44
6833 29
6834 10
6835 100
6836 1
6837 29
6838 66
6839 5
6840 96
6841 14
6842 27
6843 56
6844 21
6845 60
6846 54
6847 27
6848 68
6849 48
6850 27
6851 57
6852 26
6853 40
6854 79
6855 13
6856 7
6857 52
6858 85
6859 86
6860 41
6861 91
6862 81
6863 91
6864 49
6865 69
6866 25
6867 42
6868 79
6869 62
6870 69
6871 6
6872 38
6873 42
6874 64
6875 60
6876 64
6877 66
6878 87
6879 50
6880 29
6881 38
6882 56
6883 72
6884 88
6885 18
6886 43
6887 14
6888 69
6889 57
6890 10
6891 42
6892 97
6893 42
6894 26
6895 73
6896 48
6897 50
6898 68
6899 19
6900 94
6901 93
6902 51
6903 36
6904 11
6905 16
6906 96
6907 16
6908 29
6909 86
6910 42
6911 68
6912 33
6913 12
6914 73
6915 86
6916 32
6917 2
6918 91
6919 43
6920 22
6921 60
6922 57
6923 13
6924 78
6925 3
6926 71
6927 85
6928 27
6929 36
6930 22
6931 49
6932 41
6933 99
6934 2
6935 27
6936 99
6937 66
6938 64
6939 16
6940 68
6941 74
6942 19
6943 10
6944 66
6945 22
6946 84
6947 74
6948 62
6949 22
6950 91
6951 28
6952 36
6953 90
6954 23
6955 34
6956 74
6957 49
6958 28
6959 26
6960 75
6961 61
6962 5
6963 36
6964 54
6965 99
6966 50
6967 28
6968 79
6969 11
6970 57
6971 93
6972 20
6973 100
6974 24
6975 40
6976 71
6977 98
6978 22
6979 56
6980 5
6981 44
6982 12
6983 47
6984 92
6985 62
6986 81
6987 27
6988 82
6989 36
6990 61
6991 6
6992 66
6993 100
6994 38
6995 33
6996 80
6997 65
6998 1
6999 32
7000 68
7001 93
7002 81
7003 72
7004 54
7005 90
7006 69
7007 19
7008 44
7009 16
7010 78
7011 24
7012 94
7013 1
7014 52
7015 78
7016 3
7017 81
7018 8
7019 93
7020 55
7021 42
7022 72
7023 48
7024 66
7025 53
7026 29
7027 72
7028 6
7029 2
7030 96
7031 66
7032 11
7033 100
7034 43
7035 57
7036 46
7037 68
7038 31
7039 66
7040 66
7041 45
7042 52
7043 13
7044 53
7045 94
7046 72
7047 48
7048 95
7049 80
7050 12
7051 92
7052 50
7053 3
7054 55
7055 67
7056 44
7057 97
7058 28
7059 3
7060 23
7061 81
7062 9
7063 34
7064 27
7065 54
7066 86
7067 42
7068 28
7069 70
7070 51
7071 15
7072 37
7073 89
7074 69
7075 1
7076 79
7077 23
7078 25
7079 35
7080 51
7081 100
7082 17
7083 94
7084 32
7085 6
7086 10
7087 71
7088 12
7089 27
7090 86
7091 47
7092 19
7093 22
7094 15
7095 47
7096 73
7097 17
7098 19
7099 82
7100 83
7101 91
7102 28
7103 1
7104 46
7105 77
7106 83
7107 88
7108 26
7109 77
7110 13
7111 61
7112 70
7113 40
7114 80
7115 64
7116 5
7117 26
7118 89
7119 33
7120 24
7121 36
7122 27
7123 94
7124 68
7125 63
7126 13
7127 71
7128 5
7129 73
7130 83
7131 90
7132 87
7133 13
7134 98
7135 64
7136 74
7137 12
7138 67
7139 57
7140 33
7141 64
7142 39
7143 14
7144 86
7145 2
7146 36
7147 65
7148 65
7149 86
7150 88
7151 72
7152 34
7153 83
7154 100
7155 73
7156 4
7157 50
7158 71
7159 61
7160 60
7161 14
7162 88
7163 38
7164 63
7165 88
7166 66
7167 12
7168 76
7169 98
7170 49
7171 78
7172 40
7173 86
7174 11
7175 38
7176 75
7177 49
7178 52
7179 67
7180 25
7181 80
7182 51
7183 85
7184 86
7185 100
7186 27
7187 8
7188 65
7189 6
7190 2
7191 27
7192 33
7193 99
7194 11
7195 37
7196 89
7197 13
7198 18
7199 24
7200 35
7201 98
7202 23
7203 64
7204 23
7205 68
7206 35
7207 41
7208 58
7209 39
7210 11
7211 39
7212 57
7213 79
7214 81
7215 4
7216 53
7217 82
7218 95
7219 5
7220 1
7221 10
7222 62
7223 78
7224 93
7225 100
7226 63
7227 81
7228 47
7229 34
7230 32
7231 64
7232 7
7233 45
7234 40
7235 88
7236 64
7237 58
7238 7
7239 49
7240 43
7241 22
7242 76
7243 43
7244 89
7245 16
7246 75
7247 20
7248 8
7249 33
7250 15
7251 7
7252 53
7253 65
7254 34
7255 1
7256 4
7257 28
7258 78
7259 80
7260 86
7261 65
7262 48
7263 13
7264 69
7265 66
7266 35
7267 80
7268 57
7269 19
7270 44
7271 22
7272 95
7273 21
7274 58
7275 68
7276 50
7277 98
7278 77
7279 89
7280 85
7281 17
7282 53
7283 21
7284 83
7285 4
7286 14
7287 39
7288 97
7289 76
7290 23
7291 7
7292 62
7293 52
7294 56
7295 82
7296 27
7297 22
7298 71
7299 39
7300 92
7301 93
7302 30
7303 58
7304 35
7305 51
7306 40
7307 90
7308 4
7309 41
7310 91
7311 57
7312 83
7313 67
7314 100
7315 75
7316 34
7317 85
7318 7
7319 37
7320 92
7321 61
7322 73
7323 85
7324 40
7325 41
7326 91
7327 26
7328 32
7329 72
7330 54
7331 10
7332 53
7333 78
7334 18
7335 93
7336 9
7337 49
7338 9
7339 97
7340 21
7341 21
7342 64
7343 66
7344 56
7345 39
7346 34
7347 14
7348 93
7349 2
7350 47
7351 93
7352 20
7353 3
7354 76
7355 55
7356 91
7357 76
7358 70
7359 71
7360 89
7361 100
7362 40
7363 45
7364 17
7365 96
7366 50
7367 34
7368 21
7369 77
7370 35
7371 92
7372 29
7373 36
7374 60
7375 16
7376 82
7377 24
7378 48
7379 6
7380 84
7381 11
7382 89
7383 67
7384 60
7385 74
7386 29
7387 51
7388 2
7389 67
7390 22
7391 40
7392 95
7393 88
7394 17
7395 88
7396 82
7397 8
7398 22
7399 53
7400 31
7401 6
7402 93
7403 39
7404 3
7405 62
7406 65
7407 13
7408 37
7409 37
7410 86
7411 34
7412 83
7413 49
7414 71
7415 72
7416 7
7417 26
7418 47
7419 63
7420 59
7421 63
7422 55
7423 98
7424 46
7425 47
7426 92
7427 72
7428 19
7429 59
7430 66
7431 100
7432 59
7433 3
7434 99
7435 71
7436 6
7437 41
7438 25
7439 65
7440 98
7441 51
7442 20
7443 52
7444 43
7445 63
7446 51
7447 39
7448 31
7449 1
7450 100
7451 88
7452 55
7453 56
7454 54
7455 50
7456 100
7457 58
7458 27
7459 73
7460 33
7461 31
7462 88
7463 48
7464 39
7465 9
7466 83
7467 35
7468 34
7469 83
7470 50
7471 100
7472 17
7473 93
7474 96
7475 39
7476 78
7477 37
7478 42
7479 61
7480 79
7481 58
7482 81
7483 38
7484 89
7485 7
7486 67
7487 14
7488 39
7489 41
7490 46
7491 99
7492 95
7493 64
7494 4
7495 66
7496 100
7497 41
7498 15
7499 2
7500 32
7501 72
7502 21
7503 74
7504 74
7505 29
7506 99
7507 34
7508 59
7509 9
7510 10
7511 53
7512 47
7513 23
7514 65
7515 99
7516 20
7517 14
7518 43
7519 83
7520 71
7521 74
7522 78
7523 85
7524 27
7525 56
7526 24
7527 69
7528 49
7529 37
7530 78
7531 71
7532 35
7533 4
7534 83
7535 66
7536 55
7537 85
7538 80
7539 83
7540 93
7541 36
7542 96
7543 88
7544 28
7545 14
7546 16
7547 2
7548 94
7549 61
7550 32
7551 39
7552 30
7553 30
7554 18
7555 6
7556 85
7557 28
7558 88
7559 77
7560 27
7561 14
7562 35
7563 33
7564 67
7565 70
7566 51
7567 61
7568 58
7569 99
7570 35
7571 92
7572 93
7573 98
7574 94
7575 53
7576 53
7577 50
7578 8
7579 76
7580 90
7581 86
7582 72
7583 18
7584 51
7585 43
7586 80
7587 65
7588 67
7589 67
7590 7
7591 8
7592 51
7593 47
7594 73
7595 77
7596 29
7597 58
7598 65
7599 28
7600 63
7601 69
7602 93
7603 86
7604 80
7605 28
7606 91
7607 62
7608 69
7609 18
7610 57
7611 99
7612 42
7613 43
7614 100
7615 41
7616 20
7617 91
7618 81
7619 32
7620 95
7621 91
7622 23
7623 84
7624 71
7625 77
7626 64
7627 23
7628 27
7629 79
7630 21
7631 22
7632 67
7633 88
7634 30
7635 75
7636 37
7637 50
7638 86
7639 28
7640 98
7641 42
7642 64
7643 10
7644 16
7645 65
7646 81
7647 46
7648 65
7649 45
7650 81
7651 25
7652 56
7653 81
7654 55
7655 40
7656 88
7657 31
7658 84
7659 70
7660 14
7661 27
7662 79
7663 64
7664 29
7665 2
7666 92
7667 48
7668 58
7669 87
7670 63
7671 47
7672 13
7673 1
7674 68
7675 77
7676 13
7677 40
7678 26
7679 88
7680 77
7681 68
7682 4
7683 50
7684 91
7685 89
7686 99
7687 70
7688 48
7689 90
7690 64
7691 44
7692 27
7693 97
7694 52
7695 63
7696 48
7697 22
7698 97
7699 16
7700 61
7701 3
7702 11
7703 9
7704 20
7705 7
7706 60
7707 60
7708 95
7709 95
7710 39
7711 48
7712 58
7713 99
7714 31
7715 35
7716 37
7717 2
7718 50
7719 86
7720 93
7721 30
7722 22
7723 35
7724 31
7725 77
7726 86
7727 81
7728 30
7729 97
7730 18
7731 18
7732 100
7733 93
7734 44
7735 81
7736 40
7737 59
7738 17
7739 80
7740 97
7741 4
7742 15
7743 16
7744 16
7745 64
7746 19
7747 69
7748 20
7749 15
7750 9
7751 79
7752 97
7753 11
7754 7
7755 34
7756 67
7757 34
7758 36
7759 57
7760 19
7761 84
7762 38
7763 47
7764 69
7765 47
7766 78
7767 92
7768 64
7769 79
7770 15
7771 10
7772 14
7773 69
7774 94
7775 65
7776 3
7777 50
7778 11
7779 85
7780 84
7781 40
7782 36
7783 81
7784 86
7785 35
7786 79
7787 34
7788 22
7789 28
7790 39
7791 7
7792 83
7793 27
7794 10
7795 3
7796 63
7797 37
7798 95
7799 63
7800 97
7801 71
7802 13
7803 91
7804 13
7805 99
7806 9
7807 80
7808 3
7809 90
7810 65
7811 53
7812 70
7813 39
7814 45
7815 60
7816 35
7817 60
7818 63
7819 42
7820 35
7821 57
7822 52
7823 55
7824 49
7825 70
7826 68
7827 71
7828 40
7829 87
7830 20
7831 23
7832 10
7833 56
7834 35
7835 39
7836 21
7837 87
7838 88
7839 29
7840 90
7841 99
7842 27
7843 7
7844 24
7845 77
7846 30
7847 30
7848 3
7849 71
7850 4
7851 34
7852 100
7853 40
7854 40
7855 32
7856 96
7857 40
7858 6
7859 11
7860 85
7861 66
7862 17
7863 96
7864 47
7865 44
7866 58
7867 97
7868 1
7869 13
7870 9
7871 13
7872 65
7873 78
7874 76
7875 13
7876 75
7877 38
7878 35
7879 12
7880 71
7881 14
7882 100
7883 17
7884 33
7885 63
7886 63
7887 4
7888 31
7889 54
7890 84
7891 74
7892 22
7893 63
7894 81
7895 86
7896 93
7897 94
7898 74
7899 29
7900 55
7901 8
7902 53
7903 42
7904 91
7905 53
7906 93
7907 94
7908 64
7909 8
7910 75
7911 98
7912 46
7913 36
7914 44
7915 100
7916 5
7917 50
7918 72
7919 17
7920 61
7921 1
7922 47
7923 98
7924 33
7925 55
7926 83
7927 6
7928 91
7929 8
7930 46
7931 47
7932 36
7933 76
7934 96
7935 23
7936 4
7937 72
7938 82
7939 76
7940 14
7941 60
7942 15
7943 73
7944 94
7945 81
7946 60
7947 4
7948 96
7949 82
7950 12
7951 3
7952 31
7953 28
7954 79
7955 2
7956 49
7957 31
7958 7
7959 71
7960 18
7961 7
7962 69
7963 20
7964 35
7965 92
7966 44
7967 50
7968 28
7969 87
7970 57
7971 47
7972 78
7973 50
7974 82
7975 79
7976 85
7977 18
7978 61
7979 54
7980 89
7981 18
7982 17
7983 30
7984 66
7985 98
7986 31
7987 13
7988 39
7989 92
7990 28
7991 60
7992 54
7993 55
7994 11
7995 42
7996 39
7997 2
7998 90
7999 61
8000 96
